1263622
1263630
1263631
1263643
1263655
1263676
1263688
1263715
1263720
1263747
1263781
1263803
1263807
1263815
1263816
1263820
1263831
1263832
1263854
1263867
1263869
1263888
1263890
1263911
1263966
1263969
1263983
1263987
1264001
1264006
1264015
1264031
1264033
1264037
1264038
1264040
1264059
1264062
1264077
1264078
1264080
1264085
1264093
1264105
1264110
1264120
1264128
1264138
1264139
1264140
1264158
1264160
1264177
1264181
1264186
1264190
1264196
1264207
1264225
1264246
1264249
1264253
1264265
1264277
1264280
1264299
1264312
1264330
1264353
1264361
1264379
1264383
1264395
1264399
1264406
1264407
1264428
1264445
1264446
1264448
1264460
1264483
1264506
1264515
1264522
1264525
1264528
1264540
1264560
1264561
1264576
1264589
1264602
1264607
1264618
1264620
1264628
1264629
1264633
1264634
1264649
1264650
1264653
1264665
1264670
1264676
1264728
1264738
1264745
1264775
1264784
1264790
1264796
1264799
1264804
1264813
1264829
1264837
1264840
1264853
1264861
1264878
1264879
1264885
1264894
1264912
1264920
1264924
1264926
1264929
1264935
1264946
1264957
1264973
1264975
1264991
1264992
1264993
1264997
1265002
1265011
1265013
1265014
1265041
1265044
1265049
1265050
1265058
1265061
1265068
1265077
1265087
1265088
1265099
1265100
1265109
1265117
1265120
1265152
1265170
1265193
1265204
1265215
1265228
1265239
1265242
1265250
1265269
1265293
1265312
1265325
1265360
1265374
1265396
1265416
1265417
1265422
1265430
1265432
1265434
1265439
1265442
1265455
1265463
1265466
1265478
1265480
1265482
1265485
1265487
1265500
1265515
1265516
1265518
1265548
1265555
1265558
1265589
1265605
1265608
1265624
1265638
1265642
1265648
1265650
1265667
1265674
1265680
1265690
1265691
1265700
1265702
1265708
1265730
1265740
1265744
1265748
1265749
1265750
1265751
1265753
1265767
1265773
1265776
1265782
1265795
1265798
1265804
1265811
1265825
1265831
1265834
1265839
1265845
1265848
1265852
1265864
1265869
1265877
1265884
1265885
1265886
