1254987
1254989
1255003
1255021
1255042
1255054
1255064
1255070
1255084
1255115
1255121
1255136
1255153
1255164
1255166
1255184
1255187
1255199
1255213
1255233
1255245
1255260
1255278
1255295
1255302
1255303
1255321
1255325
1255331
1255346
1255362
1255387
1255401
1255402
1255405
1255439
1255442
1255463
1255470
1255472
1255482
1255486
1255513
1255547
1255558
1255562
1255580
1255615
1255651
1255654
1255684
1255685
1255700
1255706
1255742
1255746
1255750
1255784
1255797
1255805
1255808
1255810
1255814
1255820
1255825
1255833
1255855
1255877
1255880
1255904
1255906
1255918
1255936
1255937
1255945
1255948
1255965
1255973
1255982
1256014
1256023
1256027
1256061
1256074
1256090
1256100
1256107
1256111
1256126
1256127
1256179
1256195
1256196
1256239
1256240
1256266
1256269
1256273
1256280
1256294
1256298
1256302
1256313
1256330
1256349
1256367
1256385
1256415
1256416
1256432
1256439
1256475
1256476
1256480
1256503
1256537
1256539
1256545
1256551
1256557
1256560
1256561
1256583
1256597
1256628
1256632
1256650
1256651
1256655
1256664
1256676
1256679
1256685
1256690
1256694
1256720
1256736
1256737
1256748
1256751
1256777
1256783
1256791
1256811
1256819
1256824
1256832
1256862
1256865
1256891
1256910
1256961
1256972
1256977
1256983
1257031
1257033
1257046
1257082
1257089
1257101
1257110
1257119
1257195
1257201
1257216
1257243
1257258
1257266
1257276
1257278
1257295
1257316
1257328
1257338
1257374
1257382
1257387
1257413
1257424
1257425
1257434
1257444
1257454
1257487
1257489
1257503
1257508
1257524
1257531
1257535
1257537
1257556
1257565
1257575
1257576
1257577
1257580
1257604
1257607
1257636
1257645
1257646
1257656
1257657
1257658
1257661
1257664
