1260715
1260724
1260745
1260758
1260764
1260765
1260771
1260783
1260786
1260795
1260796
1260811
1260820
1260824
1260828
1260832
1260834
1260836
1260837
1260847
1260864
1260866
1260890
1260893
1260898
1260938
1260944
1260958
1260960
1260962
1260965
1260966
1260967
1260984
1260988
1260993
1260996
1260999
1261008
1261009
1261010
1261014
1261015
1261021
1261023
1261029
1261032
1261039
1261045
1261053
1261064
1261078
1261081
1261083
1261091
1261092
1261095
1261105
1261106
1261109
1261121
1261126
1261129
1261130
1261131
1261132
1261133
1261136
1261146
1261152
1261157
1261183
1261187
1261193
1261206
1261219
1261222
1261230
1261240
1261251
1261253
1261270
1261277
1261281
1261283
1261286
1261287
1261288
1261315
1261341
1261342
1261343
1261358
1261362
1261371
1261387
1261389
1261390
1261421
1261441
1261447
1261450
1261466
1261469
1261478
1261497
1261504
1261519
1261522
1261524
1261525
1261533
1261534
1261540
1261549
1261552
1261553
1261563
1261565
1261572
1261574
1261589
1261604
1261605
1261614
1261642
1261646
1261651
1261652
1261680
1261688
1261705
1261723
1261736
1261746
1261748
1261751
1261773
1261780
1261781
1261782
1261805
1261813
1261815
1261841
1261846
1261849
1261857
1261859
1261866
1261872
1261873
1261891
1261894
1261898
1261904
1261918
1261924
1261930
1261943
1261950
1261957
1261959
1261967
1261968
1261984
1261990
1261993
1262003
1262013
1262040
1262052
1262062
1262073
1262082
1262100
1262115
1262122
1262144
1262158
1262163
1262164
1262180
1262190
1262194
1262196
1262206
1262208
1262223
1262230
1262231
1262232
1262236
1262239
1262241
1262246
1262248
1262251
1262252
1262256
1262280
1262281
1262286
1262311
1262314
1262331
1262334
1262342
1262359
1262367
1262382
1262388
1262399
1262414
1262416
1262437
1262444
1262448
1262456
1262461
1262462
1262466
1262469
1262474
1262483
1262491
1262493
1262498
1262510
1262515
1262518
1262536
1262551
1262555
1262559
1262561
1262569
1262575
1262581
1262612
1262624
1262627
1262648
1262656
1262665
1262666
1262667
1262669
1262686
1262698
1262715
1262720
1262727
1262751
1262758
1262772
1262781
1262786
1262791
1262792
1262796
1262814
1262816
1262819
1262826
1262849
1262853
1262864
1262865
1262871
1262873
1262874
1262903
1262904
1262917
1262925
1262929
1262932
1262953
1262961
1262990
1262994
1262995
1263003
1263004
1263013
1263014
1263031
1263037
1263040
1263049
1263051
1263059
1263082
1263084
1263099
1263115
1263138
1263140
1263147
1263180
1263184
1263186
1263204
1263208
1263217
1263221
1263230
1263242
1263277
1263282
1263284
1263293
1263303
1263308
1263332
1263335
1263349
1263350
1263360
1263383
1263388
1263389
1263436
1263437
1263461
1263462
1263464
1263487
1263491
1263500
1263501
1263535
1263547
1263548
1263557
1263562
1263564
1263567
1263574
1263596
1263598
1263601
1263613
