1257689
1257718
1257728
1257742
1257760
1257765
1257772
1257807
1257813
1257835
1257879
1257886
1257887
1257892
1257894
1257900
1257910
1257932
1257939
1257940
1257944
1257948
1257952
1257965
1257973
1257976
1257991
1257993
1257994
1258006
1258018
1258021
1258023
1258028
1258055
1258057
1258060
1258061
1258062
1258081
1258085
1258109
1258117
1258146
1258158
1258162
1258167
1258170
1258192
1258201
1258217
1258220
1258222
1258225
1258227
1258239
1258251
1258261
1258269
1258299
1258303
1258315
1258321
1258335
1258349
1258377
1258385
1258399
1258406
1258409
1258414
1258425
1258427
1258432
1258445
1258447
1258454
1258455
1258463
1258467
1258475
1258486
1258498
1258501
1258534
1258538
1258545
1258551
1258559
1258565
1258573
1258600
1258613
1258615
1258616
1258627
1258628
1258643
1258644
1258649
1258650
1258676
1258680
1258695
1258700
1258712
1258715
1258722
1258725
1258729
1258741
1258742
1258754
1258766
1258767
1258795
1258802
1258811
1258830
1258837
1258864
1258869
1258875
1258876
1258898
1258917
1258961
1258972
1258973
1258977
1258978
1258990
1259006
1259014
1259032
1259046
1259056
1259095
1259096
1259097
1259106
1259128
1259146
1259147
1259148
1259149
1259152
1259179
1259198
1259213
1259223
1259228
1259229
1259253
1259257
1259258
1259267
1259278
1259280
1259284
1259290
1259302
1259309
1259314
1259327
1259334
1259336
1259358
1259360
1259363
1259380
1259381
1259383
1259394
1259397
1259412
1259417
1259421
1259423
1259426
1259464
1259465
1259467
1259468
1259470
1259491
1259493
1259537
1259549
1259550
1259566
1259584
1259603
1259623
1259636
1259642
1259676
1259706
1259733
1259739
1259745
1259746
1259752
1259762
1259780
1259811
1259812
1259820
1259826
1259840
1259842
1259854
1259864
1259867
1259869
1259872
1259880
1259889
1259892
1259899
1259918
1259933
1259940
1259941
1259951
1259969
1259971
1259976
1259979
1259983
1259986
1259991
1259998
1260004
1260012
1260026
1260034
1260035
1260036
1260049
1260052
1260055
1260058
1260061
1260062
1260079
1260082
1260086
1260091
1260100
1260107
1260112
1260116
1260118
1260131
1260139
1260142
1260148
1260150
1260153
1260164
1260170
1260174
1260177
1260178
1260183
1260190
1260191
1260218
1260230
1260262
1260273
1260297
1260308
1260309
1260314
1260316
1260318
1260322
1260338
1260344
1260359
1260366
1260369
1260372
1260375
1260390
1260404
1260434
1260435
1260446
1260453
1260460
1260468
1260470
1260473
1260474
1260498
1260515
1260526
1260531
1260542
1260561
1260562
1260613
1260614
1260626
1260628
1260637
1260640
1260658
1260671
1260701
1260719
