1265891
1265892
1265901
1265902
1265904
1265920
1265921
1265922
1265941
1265957
1265973
1265977
1265978
1265994
1266009
1266018
1266022
1266027
1266030
1266034
1266050
1266051
1266061
1266074
1266095
1266096
1266097
1266098
1266099
1266100
1266106
1266113
1266123
1266135
1266138
1266139
1266148
1266178
1266181
1266185
1266223
1266231
1266266
1266287
1266310
1266323
1266327
1266333
1266336
1266349
1266350
1266359
1266361
1266362
1266399
1266400
1266402
1266404
1266430
1266431
1266446
1266461
1266499
1266504
1266505
1266514
1266518
1266526
1266542
1266593
1266597
1266607
1266628
1266631
1266639
1266640
1266643
1266646
1266650
1266660
1266674
1266678
1266710
1266719
1266721
1266723
1266732
1266734
1266735
1266743
1266750
1266755
1266766
1266784
1266787
1266790
1266792
1266815
1266838
1266843
1266849
1266856
1266863
1266868
1266869
1266872
1266875
1266876
1266879
1266915
1266928
1266941
1266949
1266959
1266964
1266975
1266981
1266998
1266999
1267016
1267026
1267038
1267054
1267060
1267061
1267064
1267070
1267073
1267088
1267110
1267116
1267133
1267151
1267167
1267168
1267169
1267170
1267174
1267180
1267185
1267205
1267211
1267220
1267232
1267247
1267248
1267253
1267272
1267278
1267309
1267315
1267324
1267328
1267334
1267356
1267360
1267368
1267386
1267388
1267405
1267406
1267412
1267427
1267436
1267442
1267444
1267464
1267470
1267477
1267500
1267503
1267505
1267516
1267520
1267545
1267547
1267550
1267552
1267556
1267566
1267568
1267582
1267586
1267595
