1249066
1249071
1249008
1248990
1249096
1249052
1249038
1248982
1249108
1249093
1249028
1249079
1249019
1248987
1249095
1249014
1249076
1248994
1249075
1249070
1249060
1249064
1249054
1249077
1249058
1249089
1249048
1249099
1249055
1249010
1248978
1249057
1249084
1249085
1248986
1249042
1249011
1249090
1249035
1249023
1249062
1249081
1249086
1249067
1249073
1249107
1249065
1249030
1248985
1249001
1249006
1249037
1248980
1249061
1249018
1249053
1248997
1249036
1249022
1249002
1248992
1249012
1249039
1249074
1248979
1248991
1249009
1249013
1249040
