1259924
1259890
1259896
1259956
1259851
1259889
1259877
1259955
1259905
1259886
1259954
1259857
1259892
1259933
1259957
1259887
1259932
1259880
1259902
1259958
1259918
1259930
1259960
1259868
1259904
1259909
1259897
1259854
1259878
1259867
1259874
1259949
1259935
1259872
1259863
1259856
1259883
1259853
1259921
1259876
1259912
1259870
1259922
1259947
1259934
1259948
1259919
1259913
1259864
1259942
1259916
1259927
1259950
1259895
1259848
1259936
1259891
1259866
1259869
1259852
1259850
1259926
1259882
1259929
1259940
1259899
1259894
1259862
1259941
1259911
1259951
1259953
