1260064
1260138
1260139
1260165
1260093
1260079
1260133
1260159
1260163
1260125
1260147
1260143
1260154
1260129
1260145
1260083
1260160
1260140
1260123
1260082
1260164
1260091
1260142
1260107
1260119
1260149
1260089
1260150
1260084
1260161
1260095
1260103
1260092
1260130
1260168
1260121
1260085
1260086
1260108
1260114
1260100
1260156
1260152
1260127
1260158
1260090
1260146
1260144
1259473
1260153
1260081
1260099
1260116
1260115
1260098
1260131
1260162
1260112
1260111
1260157
1260080
1260148
1260137
1260118
1260134
1260110
1260166
