1259977
1260026
1259979
1259974
1260019
1260036
1260023
1260046
1260034
1260004
1260035
1259980
1260074
1259998
1260010
1260056
1260070
1260006
1260058
1259982
1260063
1259978
1260061
1259993
1260040
1259986
1260037
1260012
1259991
1259971
1259992
1260041
1259996
1259983
1260029
1260052
1259997
1260033
1260005
1260042
1260055
1260073
1260031
1259966
1260060
1260020
1260054
1260008
1260047
1260051
1259995
1260021
1260001
1260067
1260059
1259972
1259969
1260069
1260053
1260049
1260077
1259963
1259981
1260025
1260000
1259994
1260062
1260002
1259976
