1254480
1254444
1254526
1254406
1254432
1254435
1254387
1254445
1254495
1254375
1254337
1254332
1254427
1254539
1254376
1254423
1254352
1254373
1254402
1254450
1254328
1254438
1254493
1254459
1254340
1254532
1254404
1254368
1254331
1254505
1254355
1254443
1254350
1254433
1254434
1254378
1254475
1254466
1254386
1254345
1254515
1254377
1254457
1254349
1254413
1254512
1254336
1254502
1254356
1254409
1254456
1254325
1254309
1254529
1254415
1254344
1254508
1254516
1254474
1254365
1254318
1254367
1254326
1254311
1254471
1254482
1254494
1254400
1254501
1254472
1254485
1254313
1254379
1254531
1254487
1254465
1254498
1254496
1254414
1254430
1254388
1254491
1254469
1254468
1254384
1254321
1254394
1254335
1254421
1254316
1254353
1254467
1254322
1254396
1254408
1254473
1254428
1254339
1254429
1254383
1254395
1254521
1254357
1254499
1254346
1254360
1254341
1254439
1254393
