1259767
1259780
1259764
1259827
1259826
1259819
1259730
1259747
1259824
1259841
1259740
1259816
1259737
1259749
1259799
1259807
1259831
1259842
1259789
1259753
1259797
1259759
1259818
1259754
1259785
1259825
1259836
1259745
1259786
1259823
1259773
1259736
1259790
1259815
1259783
1259812
1259778
1259798
1259722
1259804
1259796
1259834
1259792
1259746
1259820
1259738
1259775
1259768
1259822
1259828
1259725
1259761
1259830
1259733
1259755
1259781
1259791
1259840
1259779
1259832
1259835
1259800
1259765
1259739
1259752
1259723
1259742
1259782
1259808
1259843
1259847
1259811
1259776
1259731
1259788
1259727
1259769
1259726
1259762
1259756
