1261134
1261115
1261123
1261173
1261064
1261111
1261066
1261061
1261176
1261081
1261136
1261110
1261155
1261072
1261152
1261124
1261180
1261083
1261091
1261131
1261095
1261126
1261132
1261062
1261125
1261172
1261068
1261147
1261087
1261092
1261129
1261188
1261145
1261074
1261084
1261105
1261163
1261106
1261127
1261122
1261096
1261139
1261168
1261151
1261073
1261185
1261164
1261143
1261187
1261167
1261107
1261130
1261169
1261099
1261080
1261183
1261140
1261055
1261179
1261177
1261056
1261142
1261120
1261146
1261070
1261121
1261078
1261184
1261082
1261109
1261116
1261133
1261058
1261160
1261094
1261186
1261135
1261148
1261178
1261157
1261117
1261086
1261090
1261112
1261114
1261182
