1249554
1249511
1249572
1249249
1249166
1249745
1249309
1249225
1249344
1249620
1249392
1249720
1249362
1249538
1249307
1249347
1249898
1249699
1249504
1249729
1249261
1249795
1249536
1249613
1249131
1249583
1249839
1249357
1249376
1249815
1249296
1249774
1249477
1249566
1249768
1249571
1249586
1249232
1249395
1249242
1249442
1249416
1249336
1249865
1249667
1249850
1249666
1249686
1249747
1249513
1249332
1249313
1249179
1249224
1249425
1249867
1249248
1249751
1249473
1249424
1249464
1249649
1249878
1249421
1249592
1249449
1249665
1249493
1249891
1249447
1249763
1249360
1249501
1249851
1249561
1249780
1249681
1249300
1249199
1249359
1249165
1249122
1249853
1249800
1249599
1249335
1249653
1249796
1249820
1249427
1249509
1249320
1249163
1249523
1249668
1249755
1249458
1249553
1249214
1249288
1249490
1249689
1249641
1249520
1249231
1249181
1249348
1249341
1249406
1249467
1249155
1249150
1249609
1249419
1249234
1249645
1249463
1249710
1249760
1249310
1249496
1249229
1249881
1249549
1249294
1249617
1249798
1249882
1249648
1249311
1249564
1249687
1249471
1249584
1249725
1249633
1249569
1249608
1249622
1249502
1249468
1249280
1249173
1249351
1249223
1249141
1249289
1249775
1249149
1249146
1249176
1249364
1249701
1249505
1249791
1249833
1249692
1249889
1249556
1249887
1249154
1249143
1249601
1249594
1249466
1249797
1249863
1249455
1249246
1249603
1249787
1249133
1249628
1249742
1249514
1249888
1249481
1249843
1249272
1249172
1249113
1249516
1249794
1249792
1249334
1249771
1249548
1249444
1249268
1249188
1249116
1249582
1249411
1249474
1249754
1249590
1249539
1249651
1249646
1249596
1249823
1249212
1249844
1249390
1249704
1249762
1249734
1249715
1249903
1249428
1249670
1249480
1249890
1249845
1249290
1249650
1249866
1249691
1249905
1249876
1249209
1249218
1249872
1249117
1249859
1249517
1249656
1249408
1249340
1249314
1249570
1249697
1249317
1249693
1249759
1249315
1249454
1249688
1249285
1249384
1249658
1249269
1249902
1249178
1249785
1249412
1249713
1249323
1249661
1249507
1249847
1249777
1249366
1249470
1249189
1249398
1249756
1249263
1249676
1249873
1249297
1249542
1249256
1249719
1249527
1249497
1249434
1249185
1249895
1249738
1249500
1249764
1249604
1249547
1249685
1249717
1249753
1249874
1249184
1249354
1249255
1249202
1249733
1249319
1249258
1249127
1249702
1249837
1249746
1249345
1249282
1249208
1249451
1249541
1249808
1249405
1249765
1249706
1249657
1249486
1249801
1249431
1249203
1249401
1249877
1249237
1249534
1249329
1249829
1249488
1249766
1249854
1249253
1249134
1249810
1249831
1249684
1249265
1249804
1249846
1249169
1249273
1249210
1249385
1249904
1249700
1249130
1249870
1249391
1249318
1249162
1249259
1249170
1249675
1249375
1249298
1249128
1249638
1249161
1249663
1249862
1249124
1249585
1249338
1249157
1249894
1249682
1249301
1249126
1249607
1249197
1249886
1249123
1249350
1249257
1249623
1249510
1249525
1249683
1249476
1249270
1249287
1249883
1249448
1249331
1249857
1249735
1249644
1249121
1249639
1249559
1249195
1249712
1249404
1249316
1249562
1249532
1249140
1249222
1249875
1249339
1249826
1249508
1249832
1249158
1249217
1249626
1249664
1249602
1249295
1249180
1249749
1249869
1249346
1249615
1249438
1249784
1249637
1249812
1249215
1249326
1249805
1249834
1249452
1249896
1249828
1249415
1249860
1249495
1249788
1249459
1249205
1249732
1249640
1249377
1249271
1249135
1249456
1249286
