1250476
1250450
1250444
1250378
1250041
1250511
1250039
1250027
1250288
1250615
1250158
1250652
1250484
1250333
1250620
1250009
1250659
1250508
1250618
1250122
1250414
1250475
1250432
1250075
1250003
1250054
1249953
1250401
1250182
1249921
1250593
1250108
1250353
1250249
1249938
1250559
1250140
1250242
1250497
1249969
1250623
1250127
1250014
1250277
1250640
1249997
1250265
1250354
1250428
1250342
1250156
1250175
1250380
1250393
1250605
1250263
1250643
1250490
1249960
1250328
1250327
1250050
1250660
1249982
1250301
1250286
1250622
1250610
1250592
1249935
1250088
1250131
1249979
1250082
1250093
1250236
1250647
1250326
1249929
1250307
1250545
1250633
1250336
1249968
1250206
1250221
1250408
1250359
1250258
1250060
1250460
1250064
1250489
1250176
1250372
1250486
1250645
1249957
1250495
1250162
1250021
1250257
1250267
1250398
1249988
1250317
1250174
1250601
1250244
1250011
1250496
1250208
1250305
1250224
1250314
1250453
1250081
1249985
1250213
1249943
1250637
1250168
1250582
1250361
1250385
1249970
1250510
1250464
1250436
1249939
1250544
1250061
1250325
1249987
1250080
1250047
1250650
1250253
1250370
1250180
1249941
1250043
1249999
1250529
1250076
1250231
1250426
1250343
1250642
1250458
1250133
1250553
1250165
1250469
1250648
1250389
1250369
1250049
1250421
1250462
1250503
1250304
1250649
1250200
1249945
1250184
1250634
1250435
1249918
1250179
1250166
1250171
1250136
1250058
1250597
1250539
1250339
1250381
1250572
1250214
1250366
1250040
1250256
1250321
1250519
1249996
1250091
1250663
1250287
1249998
1250422
1250363
1250290
1250145
1250558
1250107
1250319
1250334
1250364
1250609
1250015
1250477
1249920
1250114
1250589
1250226
1250216
1250275
1250120
1249937
1250658
1250211
1250252
1250306
1250535
1250150
1249974
1250289
1250358
1249952
1250274
1250585
1250502
1250374
1250506
1250628
1249907
1250429
1250635
1250223
1250448
1250189
1250540
1250352
1250390
1250104
1250573
1250037
1250331
1249967
1250065
1250044
1250099
1250548
1249912
1249925
1250046
1250248
1250204
1250632
1250163
1250129
1250010
1250532
1250183
1250625
1250130
1250102
1250399
1250528
1250357
1250443
1250653
1250425
1250530
1250217
1250198
1250144
1249931
1250157
1250406
1249934
1250147
1250338
1250141
1250571
1250471
1250324
1250312
1250017
1250271
1250000
1250250
1250185
1250296
1250373
1249947
1250538
1250606
1250451
1250056
1250499
1249911
1250232
1250202
1250595
1250424
1250246
1250565
1250222
1250218
1249916
1250550
1250123
1250362
1249958
1249986
1250118
1250599
1250329
1250474
1250531
1250035
1250330
1249977
1250509
1250567
1249910
1250332
1250170
1250178
1250537
1250016
1250566
1250311
1250113
1250057
1250481
1250276
1250272
1250243
1250066
1250515
1250235
1250143
1250626
1249991
1250233
1250415
1250409
1250045
1250194
1250542
1250423
1249963
1249951
1250152
1250482
1250466
1250365
1250512
1250322
1250576
1250575
1250199
1250315
1250291
1250552
1249942
1250087
1250228
1250038
1250395
1249913
1250167
1250611
1250551
1250596
1250391
1250121
1250350
1249930
1250230
1250602
1250501
1250549
1250094
1250375
1250117
1249936
1250068
1250193
1250227
