1261334
1261358
1261364
1261368
1261357
1261286
1261206
1261258
1261235
1261333
1261212
1261256
1261267
1261320
1261321
1261295
1261338
1261255
1261312
1261279
1261273
1261236
1261294
1261196
1261343
1261252
1261228
1261281
1261299
1261391
1261253
1261222
1261365
1261213
1261314
1261345
1261103
1261230
1261356
1261319
1261205
1261195
1261208
1261269
1261261
1261202
1261287
1261288
1261389
1261275
1261301
1261239
1261283
1261243
1261393
1261224
1261383
1261251
1261266
1261207
1261221
1261351
1261370
1261229
1261361
1261302
1261396
1261390
1261237
1261353
1261296
1261315
1261219
1261259
1261350
1261332
1261316
1261270
1261300
1261349
1261329
1261280
1261373
1261336
1261271
1261380
1261394
1261386
1261366
1261141
1261234
1261291
1261220
1261285
1261324
1261306
1261217
1261214
1261290
1261277
1261377
1261303
1261342
1261308
1261374
1261249
1261387
1261327
1261317
1261379
1261388
1261292
1261322
1261193
1261381
1261341
1261231
1261392
1261362
1261375
1261241
1261232
1261215
1261260
1261248
1261240
1261395
1261352
1261304
