1254729
1254730
1254714
1254752
1254693
1254700
1254740
1254664
1254748
1254754
1254682
1254746
1254685
1254712
1254698
1254709
1254710
1254655
1254725
1254708
1254728
1254705
1254696
1254674
1254667
1254751
1254739
1254733
1254704
1254691
1254665
1254689
1254666
1254670
1254719
1254718
1254723
1254673
1254676
1254683
1254702
1254706
1254721
1254680
1254736
1254749
1254677
1254760
1254668
1254717
1254713
1254722
1254663
1254742
1254678
1254737
1254735
1254755
1254758
1254734
1254732
1254672
1254720
1254716
