1261336
1261349
1261386
1261374
1261390
1261389
1261249
1261308
1261324
1261395
1261377
1261319
1261327
1261381
1261370
1261332
1261304
1261366
1261361
1261379
1261345
1261321
1261375
1261356
1261295
1261312
1261383
1261352
1261358
1261351
1261396
1261380
1261317
1261353
1261350
1261365
1261392
1261387
1261391
1261334
1261299
1261373
1261342
1261357
1261320
1261343
1261368
1261301
1261341
1261394
1261300
1261338
1261333
1261364
1261322
1261302
1261314
1261393
1261303
1261315
1261316
1261329
1261306
1261388
1261362
