1245059
1244967
1245307
1245146
1245377
1244869
1245330
1244838
1244952
1245133
1245088
1245238
1244923
1245126
1245317
1244847
1245192
1245071
1245174
1245166
1245107
1245020
1245360
1245090
1244968
1245338
1244891
1245001
1245251
1245023
1245252
1245264
1244974
1245310
1245054
1245278
1245256
1244916
1244986
1244901
1245236
1245177
1245070
1244944
1245288
1244977
1245242
1244942
1245392
1244841
1245029
1245079
1244861
1245343
1245333
1244859
1244917
1244998
1244911
1245384
1245155
1245159
1244915
1245261
1245135
1244995
1245189
1244842
1245197
1244933
1245179
1245113
1245224
1244850
1244909
1245352
1245320
1245082
1245091
1245181
1245118
1245311
1244913
1245348
1244904
1244862
1245150
1245226
1245171
1245096
1245290
1244934
1244855
1245176
1245327
1245225
1245048
1245254
1245005
1245036
1245263
1245357
1245100
1245210
1245380
1244870
1245381
1245319
1245044
1245342
1245120
1245191
1245369
1245306
1244886
1244980
1245014
1245249
1245293
1245302
1245362
1245361
1244852
1245010
1245033
1244940
1244976
1245356
1245219
1245316
1245291
1244895
1245134
1244985
1244946
1245031
1245230
1244927
1245206
1245233
1244854
1245077
1245253
1245196
1245332
1245156
1245012
1245300
1245172
1245042
1245383
1244896
1245017
1245168
1245353
1245355
1244962
1245035
1245228
1245201
1244939
1245255
1245032
1245128
1245388
1244990
1245250
1244948
1245105
1244970
1245200
1245047
1245337
1245341
1244971
1245102
1244860
1245095
1245103
1245129
1245119
1245050
1244912
1245149
1244893
1245021
1245358
1245145
1244973
1245056
1245130
1245321
1245199
1245131
1245127
1245323
1245243
1244888
1245194
1245132
1245038
1245209
1245202
1244918
1245144
1245085
1245147
1244958
1245094
1244943
1244972
1244907
1245065
1244981
1245141
1244926
1245019
1245379
1245178
1244959
1245041
1245002
1245215
1245375
1245049
1244898
1244868
1244894
1244935
1245259
1245312
1244991
1244932
1245076
1244964
1245211
1244903
1244871
1244925
1244844
1244848
1245080
1245391
1245241
1245152
1244984
1245359
1245072
1244899
1244690
1245121
1245040
1245011
1245393
1245110
1245365
1245258
1245218
1245292
1244983
1245045
1245154
1245231
1245308
1244961
1245350
1245057
1245324
1245325
1245344
1245093
1245268
