1244754
1244791
1244459
1244514
1244656
1244674
1244355
1244417
1244540
1244323
1244225
1244520
1244827
1244601
1244235
1244203
1244345
1244774
1244650
1244349
1244288
1244374
1244609
1244597
1244633
1244411
1244548
1244558
1244435
1244537
1244815
1244572
1244611
1244801
1244721
1244448
1244396
1244523
1244382
1244667
1244429
1244533
1244647
1244326
1244699
1244811
1244342
1244414
1244283
1244468
1244551
1244412
1244294
1244745
1244696
1244332
1244480
1244615
1244599
1244267
1244593
1244213
1244194
1244205
1244272
1244508
1244739
1244779
1244493
1244442
1244557
1244763
1244278
1244313
1244665
1244835
1244220
1244485
1244795
1244376
1244826
1244333
1244708
1244193
1244472
1244427
1244824
1244644
1244317
1244805
1244309
1244338
1244607
1244730
1244395
1244231
1244356
1244311
1244617
1244215
1244497
1244481
1244422
1244369
1244264
1244629
1244796
1244200
1244797
1244771
1244634
1244438
1244830
1244221
1244829
1244784
1244614
1244426
1244383
1244833
1244257
1244464
1244259
1244386
1244371
1244756
1244552
1244761
1244821
1244250
1244635
1244463
1244706
1244747
1244392
1244640
1244271
1244587
1244584
1244769
1244691
1244361
1244372
1244183
1244790
1244363
1244778
1244616
1244243
1244746
1244780
1244580
1244782
1244302
1244240
1244652
1244680
1244219
1244399
1244612
1244744
1244741
1244454
1244347
1244565
1244405
1244368
1244484
1244217
1244816
1244453
1244470
1244353
1244788
1244702
1244400
1244502
1244408
1244344
1244762
1244279
1244233
1244476
1244402
1244575
1244655
1244546
1244474
1244489
1244627
1244632
1244755
1244491
1244375
1244467
1244430
1244252
1244777
1244320
1244424
1244619
1244457
1244325
1244209
1244718
1244351
1244556
1244330
1244256
1244324
1244230
1244521
1244734
1244486
1244751
1244663
1244542
1244832
1244420
1244547
1244254
1244229
1244441
1244579
1244814
1244206
1244585
1244247
1244282
1244301
1244517
1244198
1244346
1244803
1244566
1244673
1244260
1244658
1244819
1244281
1244261
1244526
1244469
1244348
1244242
1244515
1244421
1244419
1244545
1244603
1244581
1244743
1244645
1244455
1244831
1244446
1244318
1244776
1244624
1244620
1244513
1244265
1244500
1244753
1244767
1244511
1244722
1244716
1244604
1244625
1244433
1244772
1244303
1244676
1243178
1244728
1244391
1244310
1244532
1244623
1244297
1244657
1244764
1244266
1244646
1244204
1244315
1244809
1244312
1244339
1244359
1244589
1244471
1244638
1244725
1244509
1244444
1244759
1244535
1244550
1244501
1244606
1244214
1244286
1244660
1244531
1244445
1244284
1244549
1244331
1244559
1244608
1244413
1244277
1244465
1244415
1244449
1244196
1244436
1244736
1244630
1244404
1244269
1244562
1244677
1244487
1244397
1244541
